start=884.541667
sub-scale=0.300000
